Sport,Match Date,Home Team,Away Team,Home Team Odds,Away Team Odds,Bookmaker,Compiled_At
NBA,2025-02-26 19:00:00,Detroit Pistons,Boston Celtics,2.4,1.625,BetOnline.ag,2025-02-26 05:13:23
NBA,2025-02-26 19:00:00,Detroit Pistons,Boston Celtics,2.4,1.625,LowVig.ag,2025-02-26 05:13:23
NBA,2025-02-26 19:00:00,Detroit Pistons,Boston Celtics,2.4,1.588,Fanatics,2025-02-26 05:13:23
NBA,2025-02-26 19:00:00,Detroit Pistons,Boston Celtics,2.5,1.562,FanDuel,2025-02-26 05:13:23
NBA,2025-02-26 19:00:00,Detroit Pistons,Boston Celtics,2.4,1.602,DraftKings,2025-02-26 05:13:23
NBA,2025-02-26 19:00:00,Detroit Pistons,Boston Celtics,2.4,1.606,Caesars,2025-02-26 05:13:23
NBA,2025-02-26 19:00:00,Detroit Pistons,Boston Celtics,2.35,1.625,BetMGM,2025-02-26 05:13:23
NBA,2025-02-26 19:00:00,Detroit Pistons,Boston Celtics,2.45,1.588,Bovada,2025-02-26 05:13:23
NBA,2025-02-26 19:00:00,Detroit Pistons,Boston Celtics,2.35,1.629,BetRivers,2025-02-26 05:13:23
NBA,2025-02-26 19:00:00,Indiana Pacers,Toronto Raptors,1.235,4.45,BetOnline.ag,2025-02-26 05:13:23
NBA,2025-02-26 19:00:00,Indiana Pacers,Toronto Raptors,1.235,4.45,LowVig.ag,2025-02-26 05:13:23
NBA,2025-02-26 19:00:00,Indiana Pacers,Toronto Raptors,1.25,4.1,Fanatics,2025-02-26 05:13:23
NBA,2025-02-26 19:00:00,Indiana Pacers,Toronto Raptors,1.227,4.4,DraftKings,2025-02-26 05:13:23
NBA,2025-02-26 19:00:00,Indiana Pacers,Toronto Raptors,1.22,4.45,Caesars,2025-02-26 05:13:23
NBA,2025-02-26 19:00:00,Indiana Pacers,Toronto Raptors,1.256,4.1,FanDuel,2025-02-26 05:13:23
NBA,2025-02-26 19:00:00,Indiana Pacers,Toronto Raptors,1.222,4.4,BetMGM,2025-02-26 05:13:23
NBA,2025-02-26 19:00:00,Indiana Pacers,Toronto Raptors,1.2,4.6,Bovada,2025-02-26 05:13:23
NBA,2025-02-26 19:00:00,Indiana Pacers,Toronto Raptors,1.238,4.3,BetRivers,2025-02-26 05:13:23
NBA,2025-02-26 19:10:00,New York Knicks,Philadelphia 76ers,1.222,4.5,FanDuel,2025-02-26 05:13:23
NBA,2025-02-26 19:10:00,New York Knicks,Philadelphia 76ers,1.222,4.5,Fanatics,2025-02-26 05:13:23
NBA,2025-02-26 19:10:00,New York Knicks,Philadelphia 76ers,1.22,4.5,DraftKings,2025-02-26 05:13:23
NBA,2025-02-26 19:10:00,New York Knicks,Philadelphia 76ers,1.208,4.6,Caesars,2025-02-26 05:13:23
NBA,2025-02-26 19:10:00,New York Knicks,Philadelphia 76ers,1.235,4.45,LowVig.ag,2025-02-26 05:13:23
NBA,2025-02-26 19:10:00,New York Knicks,Philadelphia 76ers,1.235,4.45,BetOnline.ag,2025-02-26 05:13:23
NBA,2025-02-26 19:10:00,New York Knicks,Philadelphia 76ers,1.222,4.4,BetMGM,2025-02-26 05:13:23
NBA,2025-02-26 19:10:00,New York Knicks,Philadelphia 76ers,1.222,4.35,Bovada,2025-02-26 05:13:23
NBA,2025-02-26 19:10:00,New York Knicks,Philadelphia 76ers,1.208,4.7,BetRivers,2025-02-26 05:13:23
NBA,2025-02-26 19:10:00,Washington Wizards,Portland Trail Blazers,3.05,1.408,BetOnline.ag,2025-02-26 05:13:23
NBA,2025-02-26 19:10:00,Washington Wizards,Portland Trail Blazers,3.05,1.408,LowVig.ag,2025-02-26 05:13:23
NBA,2025-02-26 19:10:00,Washington Wizards,Portland Trail Blazers,2.9,1.417,Fanatics,2025-02-26 05:13:23
NBA,2025-02-26 19:10:00,Washington Wizards,Portland Trail Blazers,2.94,1.435,FanDuel,2025-02-26 05:13:23
NBA,2025-02-26 19:10:00,Washington Wizards,Portland Trail Blazers,3.0,1.408,DraftKings,2025-02-26 05:13:23
NBA,2025-02-26 19:10:00,Washington Wizards,Portland Trail Blazers,3.05,1.4,Caesars,2025-02-26 05:13:23
NBA,2025-02-26 19:10:00,Washington Wizards,Portland Trail Blazers,2.9,1.426,BetMGM,2025-02-26 05:13:23
NBA,2025-02-26 19:10:00,Washington Wizards,Portland Trail Blazers,2.95,1.426,Bovada,2025-02-26 05:13:23
NBA,2025-02-26 19:10:00,Washington Wizards,Portland Trail Blazers,2.85,1.444,BetRivers,2025-02-26 05:13:23
NBA,2025-02-26 19:40:00,Miami Heat,Atlanta Hawks,1.8,2.05,BetOnline.ag,2025-02-26 05:13:23
NBA,2025-02-26 19:40:00,Miami Heat,Atlanta Hawks,1.8,2.05,LowVig.ag,2025-02-26 05:13:23
NBA,2025-02-26 19:40:00,Miami Heat,Atlanta Hawks,1.8,2.05,Fanatics,2025-02-26 05:13:23
NBA,2025-02-26 19:40:00,Miami Heat,Atlanta Hawks,1.8,2.05,DraftKings,2025-02-26 05:13:23
NBA,2025-02-26 19:40:00,Miami Heat,Atlanta Hawks,1.769,2.05,BetMGM,2025-02-26 05:13:23
NBA,2025-02-26 19:40:00,Miami Heat,Atlanta Hawks,1.769,2.1,Caesars,2025-02-26 05:13:23
NBA,2025-02-26 19:40:00,Miami Heat,Atlanta Hawks,1.794,2.08,FanDuel,2025-02-26 05:13:23
NBA,2025-02-26 19:40:00,Miami Heat,Atlanta Hawks,1.769,2.1,Bovada,2025-02-26 05:13:23
NBA,2025-02-26 19:40:00,Miami Heat,Atlanta Hawks,1.82,2.04,BetRivers,2025-02-26 05:13:23
NBA,2025-02-26 19:40:00,Brooklyn Nets,Oklahoma City Thunder,9.7,1.067,BetOnline.ag,2025-02-26 05:13:23
NBA,2025-02-26 19:40:00,Brooklyn Nets,Oklahoma City Thunder,9.7,1.067,LowVig.ag,2025-02-26 05:13:23
NBA,2025-02-26 19:40:00,Brooklyn Nets,Oklahoma City Thunder,9.5,1.067,Fanatics,2025-02-26 05:13:23
NBA,2025-02-26 19:40:00,Brooklyn Nets,Oklahoma City Thunder,12.0,1.045,FanDuel,2025-02-26 05:13:23
NBA,2025-02-26 19:40:00,Brooklyn Nets,Oklahoma City Thunder,10.0,1.062,DraftKings,2025-02-26 05:13:23
NBA,2025-02-26 19:40:00,Brooklyn Nets,Oklahoma City Thunder,9.0,1.071,Caesars,2025-02-26 05:13:23
NBA,2025-02-26 19:40:00,Brooklyn Nets,Oklahoma City Thunder,10.5,1.05,BetMGM,2025-02-26 05:13:23
NBA,2025-02-26 19:40:00,Brooklyn Nets,Oklahoma City Thunder,9.5,1.056,Bovada,2025-02-26 05:13:23
NBA,2025-02-26 19:40:00,Brooklyn Nets,Oklahoma City Thunder,10.0,1.06,BetRivers,2025-02-26 05:13:23
NBA,2025-02-26 20:10:00,Chicago Bulls,Los Angeles Clippers,3.5,1.323,FanDuel,2025-02-26 05:13:23
NBA,2025-02-26 20:10:00,Chicago Bulls,Los Angeles Clippers,3.5,1.308,Fanatics,2025-02-26 05:13:23
NBA,2025-02-26 20:10:00,Chicago Bulls,Los Angeles Clippers,3.6,1.308,DraftKings,2025-02-26 05:13:23
NBA,2025-02-26 20:10:00,Chicago Bulls,Los Angeles Clippers,3.5,1.312,Caesars,2025-02-26 05:13:23
NBA,2025-02-26 20:10:00,Chicago Bulls,Los Angeles Clippers,3.65,1.317,BetOnline.ag,2025-02-26 05:13:23
NBA,2025-02-26 20:10:00,Chicago Bulls,Los Angeles Clippers,3.65,1.317,LowVig.ag,2025-02-26 05:13:23
NBA,2025-02-26 20:10:00,Chicago Bulls,Los Angeles Clippers,3.75,1.286,BetMGM,2025-02-26 05:13:23
NBA,2025-02-26 20:10:00,Chicago Bulls,Los Angeles Clippers,3.7,1.294,Bovada,2025-02-26 05:13:23
NBA,2025-02-26 20:10:00,Chicago Bulls,Los Angeles Clippers,3.4,1.339,BetRivers,2025-02-26 05:13:23
NBA,2025-02-26 21:10:00,Utah Jazz,Sacramento Kings,3.95,1.27,FanDuel,2025-02-26 05:13:23
NBA,2025-02-26 21:10:00,Utah Jazz,Sacramento Kings,3.95,1.267,DraftKings,2025-02-26 05:13:23
NBA,2025-02-26 21:10:00,Utah Jazz,Sacramento Kings,4.0,1.267,Fanatics,2025-02-26 05:13:23
NBA,2025-02-26 21:10:00,Utah Jazz,Sacramento Kings,4.2,1.238,Caesars,2025-02-26 05:13:23
NBA,2025-02-26 21:10:00,Utah Jazz,Sacramento Kings,3.95,1.274,LowVig.ag,2025-02-26 05:13:23
NBA,2025-02-26 21:10:00,Utah Jazz,Sacramento Kings,3.95,1.274,BetOnline.ag,2025-02-26 05:13:23
NBA,2025-02-26 21:10:00,Utah Jazz,Sacramento Kings,4.0,1.267,BetMGM,2025-02-26 05:13:23
NBA,2025-02-26 21:10:00,Utah Jazz,Sacramento Kings,3.7,1.294,Bovada,2025-02-26 05:13:23
NBA,2025-02-26 21:10:00,Utah Jazz,Sacramento Kings,3.6,1.299,BetRivers,2025-02-26 05:13:23
NBA,2025-02-26 21:40:00,Houston Rockets,San Antonio Spurs,1.286,3.8,FanDuel,2025-02-26 05:13:23
NBA,2025-02-26 21:40:00,Houston Rockets,San Antonio Spurs,1.278,3.85,DraftKings,2025-02-26 05:13:23
NBA,2025-02-26 21:40:00,Houston Rockets,San Antonio Spurs,1.286,3.8,Fanatics,2025-02-26 05:13:23
NBA,2025-02-26 21:40:00,Houston Rockets,San Antonio Spurs,1.282,3.78,Caesars,2025-02-26 05:13:23
NBA,2025-02-26 21:40:00,Houston Rockets,San Antonio Spurs,1.278,3.9,LowVig.ag,2025-02-26 05:13:23
NBA,2025-02-26 21:40:00,Houston Rockets,San Antonio Spurs,1.278,3.9,BetOnline.ag,2025-02-26 05:13:23
NBA,2025-02-26 21:40:00,Houston Rockets,San Antonio Spurs,1.267,4.0,BetMGM,2025-02-26 05:13:23
NBA,2025-02-26 21:40:00,Houston Rockets,San Antonio Spurs,1.278,3.8,Bovada,2025-02-26 05:13:23
NBA,2025-02-26 21:40:00,Houston Rockets,San Antonio Spurs,1.25,4.1,BetRivers,2025-02-26 05:13:23
NCAAB,2025-02-26 18:00:00,Lehigh Mountain Hawks,Boston Univ. Terriers,1.658,2.26,FanDuel,2025-02-26 05:13:23
NCAAB,2025-02-26 18:00:00,Lehigh Mountain Hawks,Boston Univ. Terriers,1.588,2.4,Fanatics,2025-02-26 05:13:23
NCAAB,2025-02-26 18:00:00,Lehigh Mountain Hawks,Boston Univ. Terriers,1.617,2.36,DraftKings,2025-02-26 05:13:23
NCAAB,2025-02-26 18:00:00,Lehigh Mountain Hawks,Boston Univ. Terriers,1.625,2.35,BetMGM,2025-02-26 05:13:23
NCAAB,2025-02-26 18:00:00,East Tennessee St Buccaneers,Mercer Bears,1.215,4.5,FanDuel,2025-02-26 05:13:23
NCAAB,2025-02-26 18:00:00,East Tennessee St Buccaneers,Mercer Bears,1.227,4.35,Caesars,2025-02-26 05:13:23
NCAAB,2025-02-26 18:00:00,East Tennessee St Buccaneers,Mercer Bears,1.22,4.5,DraftKings,2025-02-26 05:13:23
NCAAB,2025-02-26 18:00:00,East Tennessee St Buccaneers,Mercer Bears,1.222,4.4,BetMGM,2025-02-26 05:13:23
NCAAB,2025-02-26 18:30:00,La Salle Explorers,Duquesne Dukes,1.962,1.87,FanDuel,2025-02-26 05:13:23
NCAAB,2025-02-26 18:30:00,La Salle Explorers,Duquesne Dukes,1.87,1.952,Caesars,2025-02-26 05:13:23
NCAAB,2025-02-26 18:30:00,La Salle Explorers,Duquesne Dukes,1.893,1.926,DraftKings,2025-02-26 05:13:23
NCAAB,2025-02-26 18:30:00,La Salle Explorers,Duquesne Dukes,2.0,1.833,BetMGM,2025-02-26 05:13:23
NCAAB,2025-02-26 18:30:00,La Salle Explorers,Duquesne Dukes,2.0,1.833,Fanatics,2025-02-26 05:13:23
NCAAB,2025-02-26 18:30:00,UConn Huskies,Georgetown Hoyas,1.105,7.1,FanDuel,2025-02-26 05:13:23
NCAAB,2025-02-26 18:30:00,UConn Huskies,Georgetown Hoyas,1.1,7.5,DraftKings,2025-02-26 05:13:23
NCAAB,2025-02-26 18:30:00,UConn Huskies,Georgetown Hoyas,1.09,7.5,BetRivers,2025-02-26 05:13:23
NCAAB,2025-02-26 18:30:00,UConn Huskies,Georgetown Hoyas,1.1,7.5,Caesars,2025-02-26 05:13:23
NCAAB,2025-02-26 18:30:00,UConn Huskies,Georgetown Hoyas,1.1,7.25,BetMGM,2025-02-26 05:13:23
NCAAB,2025-02-26 18:30:00,UConn Huskies,Georgetown Hoyas,1.125,6.5,Fanatics,2025-02-26 05:13:23
NCAAB,2025-02-26 18:30:00,Maryland Terrapins,Michigan St Spartans,1.588,2.4,FanDuel,2025-02-26 05:13:23
NCAAB,2025-02-26 18:30:00,Maryland Terrapins,Michigan St Spartans,1.588,2.42,DraftKings,2025-02-26 05:13:23
NCAAB,2025-02-26 18:30:00,Maryland Terrapins,Michigan St Spartans,1.599,2.38,BetRivers,2025-02-26 05:13:23
NCAAB,2025-02-26 18:30:00,Maryland Terrapins,Michigan St Spartans,1.588,2.43,Caesars,2025-02-26 05:13:23
NCAAB,2025-02-26 18:30:00,Maryland Terrapins,Michigan St Spartans,1.588,2.4,BetMGM,2025-02-26 05:13:23
NCAAB,2025-02-26 18:30:00,UNC Asheville Bulldogs,Presbyterian Blue Hose,1.385,3.1,Fanatics,2025-02-26 05:13:23
NCAAB,2025-02-26 18:30:00,UNC Asheville Bulldogs,Presbyterian Blue Hose,1.377,3.15,DraftKings,2025-02-26 05:13:23
NCAAB,2025-02-26 18:30:00,UNC Asheville Bulldogs,Presbyterian Blue Hose,1.357,3.2,FanDuel,2025-02-26 05:13:23
NCAAB,2025-02-26 19:00:00,American Eagles,Navy Midshipmen,1.571,2.45,DraftKings,2025-02-26 05:13:23
NCAAB,2025-02-26 19:00:00,American Eagles,Navy Midshipmen,1.556,2.46,FanDuel,2025-02-26 05:13:23
NCAAB,2025-02-26 19:00:00,Auburn Tigers,Ole Miss Rebels,1.114,6.8,FanDuel,2025-02-26 05:13:23
NCAAB,2025-02-26 19:00:00,Auburn Tigers,Ole Miss Rebels,1.125,6.5,DraftKings,2025-02-26 05:13:23
NCAAB,2025-02-26 19:00:00,Auburn Tigers,Ole Miss Rebels,1.11,6.75,BetRivers,2025-02-26 05:13:23
NCAAB,2025-02-26 19:00:00,Auburn Tigers,Ole Miss Rebels,1.125,6.5,Caesars,2025-02-26 05:13:23
NCAAB,2025-02-26 19:00:00,Auburn Tigers,Ole Miss Rebels,1.125,6.5,BetMGM,2025-02-26 05:13:23
NCAAB,2025-02-26 19:00:00,West Georgia Wolves,Austin Peay Governors,2.7,1.488,DraftKings,2025-02-26 05:13:23
NCAAB,2025-02-26 19:00:00,West Georgia Wolves,Austin Peay Governors,2.72,1.465,FanDuel,2025-02-26 05:13:23
NCAAB,2025-02-26 19:00:00,Florida Gulf Coast Eagles,Bellarmine Knights,1.083,8.5,DraftKings,2025-02-26 05:13:23
NCAAB,2025-02-26 19:00:00,Florida Gulf Coast Eagles,Bellarmine Knights,1.056,9.8,FanDuel,2025-02-26 05:13:23
NCAAB,2025-02-26 19:00:00,Loyola (MD) Greyhounds,Bucknell Bison,2.3,1.645,DraftKings,2025-02-26 05:13:23
NCAAB,2025-02-26 19:00:00,Loyola (MD) Greyhounds,Bucknell Bison,2.28,1.633,FanDuel,2025-02-26 05:13:23
NCAAB,2025-02-26 19:00:00,Clemson Tigers,Notre Dame Fighting Irish,1.071,9.0,FanDuel,2025-02-26 05:13:23
NCAAB,2025-02-26 19:00:00,Clemson Tigers,Notre Dame Fighting Irish,1.1,7.5,DraftKings,2025-02-26 05:13:23
NCAAB,2025-02-26 19:00:00,Clemson Tigers,Notre Dame Fighting Irish,1.08,8.0,BetRivers,2025-02-26 05:13:23
NCAAB,2025-02-26 19:00:00,Clemson Tigers,Notre Dame Fighting Irish,1.1,7.5,Caesars,2025-02-26 05:13:23
NCAAB,2025-02-26 19:00:00,Clemson Tigers,Notre Dame Fighting Irish,1.091,7.75,BetMGM,2025-02-26 05:13:23
NCAAB,2025-02-26 19:00:00,Colgate Raiders,Holy Cross Crusaders,1.235,4.3,DraftKings,2025-02-26 05:13:23
NCAAB,2025-02-26 19:00:00,Colgate Raiders,Holy Cross Crusaders,1.208,4.5,FanDuel,2025-02-26 05:13:23
NCAAB,2025-02-26 19:00:00,Rhode Island Rams,Dayton Flyers,2.4,1.588,FanDuel,2025-02-26 05:13:23
NCAAB,2025-02-26 19:00:00,Rhode Island Rams,Dayton Flyers,2.58,1.526,Caesars,2025-02-26 05:13:23
NCAAB,2025-02-26 19:00:00,Rhode Island Rams,Dayton Flyers,2.6,1.521,DraftKings,2025-02-26 05:13:23
NCAAB,2025-02-26 19:00:00,Rhode Island Rams,Dayton Flyers,2.5,1.541,BetMGM,2025-02-26 05:13:23
NCAAB,2025-02-26 19:00:00,North Florida Ospreys,Eastern Kentucky Colonels,1.909,1.909,DraftKings,2025-02-26 05:13:23
NCAAB,2025-02-26 19:00:00,North Florida Ospreys,Eastern Kentucky Colonels,1.909,1.909,FanDuel,2025-02-26 05:13:23
NCAAB,2025-02-26 19:00:00,George Mason Patriots,Fordham Rams,1.125,6.5,Caesars,2025-02-26 05:13:23
NCAAB,2025-02-26 19:00:00,George Mason Patriots,Fordham Rams,1.125,6.5,DraftKings,2025-02-26 05:13:23
NCAAB,2025-02-26 19:00:00,George Mason Patriots,Fordham Rams,1.111,6.75,BetMGM,2025-02-26 05:13:23
NCAAB,2025-02-26 19:00:00,George Mason Patriots,Fordham Rams,1.1,7.1,FanDuel,2025-02-26 05:13:23
NCAAB,2025-02-26 19:00:00,Furman Paladins,The Citadel Bulldogs,1.091,8.0,Caesars,2025-02-26 05:13:23
NCAAB,2025-02-26 19:00:00,Furman Paladins,The Citadel Bulldogs,1.091,8.0,DraftKings,2025-02-26 05:13:23
NCAAB,2025-02-26 19:00:00,Furman Paladins,The Citadel Bulldogs,1.062,9.5,BetMGM,2025-02-26 05:13:23
NCAAB,2025-02-26 19:00:00,Furman Paladins,The Citadel Bulldogs,1.091,8.0,Fanatics,2025-02-26 05:13:23
NCAAB,2025-02-26 19:00:00,Furman Paladins,The Citadel Bulldogs,1.062,9.2,FanDuel,2025-02-26 05:13:23
NCAAB,2025-02-26 19:00:00,Gardner-Webb Bulldogs,Radford Highlanders,2.14,1.741,DraftKings,2025-02-26 05:13:23
NCAAB,2025-02-26 19:00:00,Gardner-Webb Bulldogs,Radford Highlanders,2.12,1.714,FanDuel,2025-02-26 05:13:23
NCAAB,2025-02-26 19:00:00,High Point Panthers,South Carolina Upstate Spartans,1.012,23.0,DraftKings,2025-02-26 05:13:23
NCAAB,2025-02-26 19:00:00,High Point Panthers,South Carolina Upstate Spartans,1.01,23.0,FanDuel,2025-02-26 05:13:23
NCAAB,2025-02-26 19:00:00,Jacksonville Dolphins,Stetson Hatters,1.077,9.0,Fanatics,2025-02-26 05:13:23
NCAAB,2025-02-26 19:00:00,Jacksonville Dolphins,Stetson Hatters,1.105,7.25,DraftKings,2025-02-26 05:13:23
NCAAB,2025-02-26 19:00:00,Jacksonville Dolphins,Stetson Hatters,1.08,8.1,FanDuel,2025-02-26 05:13:23
NCAAB,2025-02-26 19:00:00,UCF Knights,Kansas St Wildcats,1.549,2.5,FanDuel,2025-02-26 05:13:23
NCAAB,2025-02-26 19:00:00,UCF Knights,Kansas St Wildcats,1.588,2.42,DraftKings,2025-02-26 05:13:23
NCAAB,2025-02-26 19:00:00,UCF Knights,Kansas St Wildcats,1.599,2.38,BetRivers,2025-02-26 05:13:23
NCAAB,2025-02-26 19:00:00,UCF Knights,Kansas St Wildcats,1.606,2.4,Caesars,2025-02-26 05:13:23
NCAAB,2025-02-26 19:00:00,UCF Knights,Kansas St Wildcats,1.588,2.4,BetMGM,2025-02-26 05:13:23
NCAAB,2025-02-26 19:00:00,Syracuse Orange,NC State Wolfpack,1.82,2.02,DraftKings,2025-02-26 05:13:23
NCAAB,2025-02-26 19:00:00,Syracuse Orange,NC State Wolfpack,1.8,2.04,FanDuel,2025-02-26 05:13:23
NCAAB,2025-02-26 19:00:00,Syracuse Orange,NC State Wolfpack,1.8,2.04,BetRivers,2025-02-26 05:13:23
NCAAB,2025-02-26 19:00:00,Syracuse Orange,NC State Wolfpack,1.8,2.05,Caesars,2025-02-26 05:13:23
NCAAB,2025-02-26 19:00:00,Syracuse Orange,NC State Wolfpack,1.833,2.0,BetMGM,2025-02-26 05:13:23
NCAAB,2025-02-26 19:00:00,North Alabama Lions,Queens University Royals,1.323,3.5,DraftKings,2025-02-26 05:13:23
NCAAB,2025-02-26 19:00:00,North Alabama Lions,Queens University Royals,1.308,3.5,FanDuel,2025-02-26 05:13:23
NCAAB,2025-02-26 19:00:00,Northern Iowa Panthers,UIC Flames,1.282,3.78,Caesars,2025-02-26 05:13:23
NCAAB,2025-02-26 19:00:00,Northern Iowa Panthers,UIC Flames,1.278,3.85,DraftKings,2025-02-26 05:13:23
NCAAB,2025-02-26 19:00:00,Northern Iowa Panthers,UIC Flames,1.286,3.8,BetMGM,2025-02-26 05:13:23
NCAAB,2025-02-26 19:00:00,Northern Iowa Panthers,UIC Flames,1.286,3.75,FanDuel,2025-02-26 05:13:23
NCAAB,2025-02-26 19:00:00,Saint Joseph's Hawks,St. Bonaventure Bonnies,1.357,3.25,FanDuel,2025-02-26 05:13:23
NCAAB,2025-02-26 19:00:00,Saint Joseph's Hawks,St. Bonaventure Bonnies,1.351,3.28,Caesars,2025-02-26 05:13:23
NCAAB,2025-02-26 19:00:00,Saint Joseph's Hawks,St. Bonaventure Bonnies,1.351,3.3,DraftKings,2025-02-26 05:13:23
NCAAB,2025-02-26 19:00:00,Saint Joseph's Hawks,St. Bonaventure Bonnies,1.339,3.3,BetMGM,2025-02-26 05:13:23
NCAAB,2025-02-26 19:00:00,Temple Owls,South Florida Bulls,1.617,2.34,FanDuel,2025-02-26 05:13:23
NCAAB,2025-02-26 19:00:00,Temple Owls,South Florida Bulls,1.645,2.3,Caesars,2025-02-26 05:13:23
NCAAB,2025-02-26 19:00:00,Temple Owls,South Florida Bulls,1.645,2.3,DraftKings,2025-02-26 05:13:23
NCAAB,2025-02-26 19:00:00,Temple Owls,South Florida Bulls,1.667,2.25,BetMGM,2025-02-26 05:13:23
NCAAB,2025-02-26 19:00:00,Texas A&M Aggies,Vanderbilt Commodores,1.303,3.6,FanDuel,2025-02-26 05:13:23
NCAAB,2025-02-26 19:00:00,Texas A&M Aggies,Vanderbilt Commodores,1.29,3.75,DraftKings,2025-02-26 05:13:23
NCAAB,2025-02-26 19:00:00,Texas A&M Aggies,Vanderbilt Commodores,1.317,3.45,BetRivers,2025-02-26 05:13:23
NCAAB,2025-02-26 19:00:00,Texas A&M Aggies,Vanderbilt Commodores,1.286,3.75,Caesars,2025-02-26 05:13:23
NCAAB,2025-02-26 19:00:00,Texas A&M Aggies,Vanderbilt Commodores,1.286,3.75,BetMGM,2025-02-26 05:13:23
NCAAB,2025-02-26 19:00:00,Texas A&M Aggies,Vanderbilt Commodores,1.286,3.6,Fanatics,2025-02-26 05:13:23
NCAAB,2025-02-26 19:00:00,Western Carolina Catamounts,Wofford Terriers,4.45,1.22,Caesars,2025-02-26 05:13:23
NCAAB,2025-02-26 19:00:00,Western Carolina Catamounts,Wofford Terriers,4.5,1.22,DraftKings,2025-02-26 05:13:23
NCAAB,2025-02-26 19:00:00,Western Carolina Catamounts,Wofford Terriers,4.4,1.222,BetMGM,2025-02-26 05:13:23
NCAAB,2025-02-26 19:00:00,Western Carolina Catamounts,Wofford Terriers,4.6,1.2,FanDuel,2025-02-26 05:13:23
NCAAB,2025-02-26 19:30:00,Tulane Green Wave,Charlotte 49ers,1.274,3.85,Caesars,2025-02-26 05:13:23
NCAAB,2025-02-26 19:30:00,Tulane Green Wave,Charlotte 49ers,1.278,3.85,DraftKings,2025-02-26 05:13:23
NCAAB,2025-02-26 19:30:00,Tulane Green Wave,Charlotte 49ers,1.286,3.8,BetMGM,2025-02-26 05:13:23
NCAAB,2025-02-26 19:30:00,Tulane Green Wave,Charlotte 49ers,1.233,4.2,FanDuel,2025-02-26 05:13:23
NCAAB,2025-02-26 19:30:00,Coastal Carolina Chanticleers,Georgia St Panthers,2.05,1.8,Caesars,2025-02-26 05:13:23
NCAAB,2025-02-26 19:30:00,Coastal Carolina Chanticleers,Georgia St Panthers,2.02,1.82,DraftKings,2025-02-26 05:13:23
NCAAB,2025-02-26 19:30:00,Coastal Carolina Chanticleers,Georgia St Panthers,2.0,1.833,BetMGM,2025-02-26 05:13:23
NCAAB,2025-02-26 19:30:00,Coastal Carolina Chanticleers,Georgia St Panthers,2.0,1.82,FanDuel,2025-02-26 05:13:23
NCAAB,2025-02-26 20:00:00,Missouri St Bears,Belmont Bruins,2.12,1.746,FanDuel,2025-02-26 05:13:23
NCAAB,2025-02-26 20:00:00,Missouri St Bears,Belmont Bruins,2.1,1.769,Caesars,2025-02-26 05:13:23
NCAAB,2025-02-26 20:00:00,Missouri St Bears,Belmont Bruins,2.1,1.769,DraftKings,2025-02-26 05:13:23
NCAAB,2025-02-26 20:00:00,Missouri St Bears,Belmont Bruins,2.1,1.741,BetMGM,2025-02-26 05:13:23
NCAAB,2025-02-26 20:00:00,Lipscomb Bisons,Central Arkansas Bears,1.031,15.0,DraftKings,2025-02-26 05:13:23
NCAAB,2025-02-26 20:00:00,Lipscomb Bisons,Central Arkansas Bears,1.02,16.0,FanDuel,2025-02-26 05:13:23
NCAAB,2025-02-26 20:00:00,Evansville Purple Aces,Drake Bulldogs,4.1,1.25,FanDuel,2025-02-26 05:13:23
NCAAB,2025-02-26 20:00:00,Evansville Purple Aces,Drake Bulldogs,4.2,1.238,Caesars,2025-02-26 05:13:23
NCAAB,2025-02-26 20:00:00,Evansville Purple Aces,Drake Bulldogs,4.2,1.244,DraftKings,2025-02-26 05:13:23
NCAAB,2025-02-26 20:00:00,Evansville Purple Aces,Drake Bulldogs,4.1,1.25,BetMGM,2025-02-26 05:13:23
NCAAB,2025-02-26 20:00:00,Loyola (Chi) Ramblers,GW Revolutionaries,1.543,2.52,FanDuel,2025-02-26 05:13:23
NCAAB,2025-02-26 20:00:00,Loyola (Chi) Ramblers,GW Revolutionaries,1.588,2.43,Caesars,2025-02-26 05:13:23
NCAAB,2025-02-26 20:00:00,Loyola (Chi) Ramblers,GW Revolutionaries,1.588,2.42,DraftKings,2025-02-26 05:13:23
NCAAB,2025-02-26 20:00:00,Loyola (Chi) Ramblers,GW Revolutionaries,1.588,2.4,BetMGM,2025-02-26 05:13:23
NCAAB,2025-02-26 20:00:00,Maryland-Eastern Shore Hawks,North Carolina Central Eagles,3.8,1.282,DraftKings,2025-02-26 05:13:23
NCAAB,2025-02-26 20:00:00,Maryland-Eastern Shore Hawks,North Carolina Central Eagles,3.9,1.26,FanDuel,2025-02-26 05:13:23
NCAAB,2025-02-26 20:00:00,Memphis Tigers,Rice Owls,1.091,7.8,FanDuel,2025-02-26 05:13:23
NCAAB,2025-02-26 20:00:00,Memphis Tigers,Rice Owls,1.091,8.0,Caesars,2025-02-26 05:13:23
NCAAB,2025-02-26 20:00:00,Memphis Tigers,Rice Owls,1.091,8.0,DraftKings,2025-02-26 05:13:23
NCAAB,2025-02-26 20:00:00,Memphis Tigers,Rice Owls,1.091,8.0,BetMGM,2025-02-26 05:13:23
NCAAB,2025-02-26 20:00:00,North Dakota St Bison,South Dakota Coyotes,1.22,4.45,Caesars,2025-02-26 05:13:23
NCAAB,2025-02-26 20:00:00,North Dakota St Bison,South Dakota Coyotes,1.22,4.5,DraftKings,2025-02-26 05:13:23
NCAAB,2025-02-26 20:00:00,North Dakota St Bison,South Dakota Coyotes,1.222,4.33,BetMGM,2025-02-26 05:13:23
NCAAB,2025-02-26 20:00:00,North Dakota St Bison,South Dakota Coyotes,1.213,4.4,FanDuel,2025-02-26 05:13:23
NCAAB,2025-02-26 20:30:00,Louisiana Ragin' Cajuns,Arkansas St Red Wolves,5.3,1.167,Caesars,2025-02-26 05:13:23
NCAAB,2025-02-26 20:30:00,Louisiana Ragin' Cajuns,Arkansas St Red Wolves,5.25,1.174,DraftKings,2025-02-26 05:13:23
NCAAB,2025-02-26 20:30:00,Louisiana Ragin' Cajuns,Arkansas St Red Wolves,5.25,1.167,BetMGM,2025-02-26 05:13:23
NCAAB,2025-02-26 20:30:00,Louisiana Ragin' Cajuns,Arkansas St Red Wolves,5.7,1.143,FanDuel,2025-02-26 05:13:23
NCAAB,2025-02-26 20:30:00,Indiana Hoosiers,Penn State Nittany Lions,1.377,3.15,FanDuel,2025-02-26 05:13:23
NCAAB,2025-02-26 20:30:00,Indiana Hoosiers,Penn State Nittany Lions,1.388,3.1,DraftKings,2025-02-26 05:13:23
NCAAB,2025-02-26 20:30:00,Indiana Hoosiers,Penn State Nittany Lions,1.36,3.2,BetRivers,2025-02-26 05:13:23
NCAAB,2025-02-26 20:30:00,Indiana Hoosiers,Penn State Nittany Lions,1.385,3.1,Caesars,2025-02-26 05:13:23
NCAAB,2025-02-26 20:30:00,Indiana Hoosiers,Penn State Nittany Lions,1.4,3.0,BetMGM,2025-02-26 05:13:23
NCAAB,2025-02-26 20:30:00,Seton Hall Pirates,Villanova Wildcats,3.7,1.294,DraftKings,2025-02-26 05:13:23
NCAAB,2025-02-26 20:30:00,Seton Hall Pirates,Villanova Wildcats,3.85,1.274,FanDuel,2025-02-26 05:13:23
NCAAB,2025-02-26 20:30:00,Seton Hall Pirates,Villanova Wildcats,3.75,1.278,BetRivers,2025-02-26 05:13:23
NCAAB,2025-02-26 20:30:00,Seton Hall Pirates,Villanova Wildcats,3.7,1.29,Caesars,2025-02-26 05:13:23
NCAAB,2025-02-26 20:30:00,Seton Hall Pirates,Villanova Wildcats,3.6,1.308,BetMGM,2025-02-26 05:13:23
NCAAB,2025-02-26 20:30:00,Southern Miss Golden Eagles,South Alabama Jaguars,3.55,1.312,FanDuel,2025-02-26 05:13:23
NCAAB,2025-02-26 20:30:00,Southern Miss Golden Eagles,South Alabama Jaguars,3.22,1.36,Caesars,2025-02-26 05:13:23
NCAAB,2025-02-26 20:30:00,Southern Miss Golden Eagles,South Alabama Jaguars,3.3,1.351,DraftKings,2025-02-26 05:13:23
NCAAB,2025-02-26 20:30:00,Southern Miss Golden Eagles,South Alabama Jaguars,3.3,1.351,BetMGM,2025-02-26 05:13:23
NCAAB,2025-02-26 21:00:00,Arizona Wildcats,Utah Utes,1.056,10.2,FanDuel,2025-02-26 05:13:23
NCAAB,2025-02-26 21:00:00,Arizona Wildcats,Utah Utes,1.091,8.0,DraftKings,2025-02-26 05:13:23
NCAAB,2025-02-26 21:00:00,Arizona Wildcats,Utah Utes,1.1,7.0,BetRivers,2025-02-26 05:13:23
NCAAB,2025-02-26 21:00:00,Arizona Wildcats,Utah Utes,1.091,8.0,Caesars,2025-02-26 05:13:23
NCAAB,2025-02-26 21:00:00,Arizona Wildcats,Utah Utes,1.083,8.25,BetMGM,2025-02-26 05:13:23
NCAAB,2025-02-26 21:00:00,Arkansas Razorbacks,Texas Longhorns,1.5,2.65,BetRivers,2025-02-26 05:13:23
NCAAB,2025-02-26 21:00:00,Arkansas Razorbacks,Texas Longhorns,1.588,2.4,FanDuel,2025-02-26 05:13:23
NCAAB,2025-02-26 21:00:00,Arkansas Razorbacks,Texas Longhorns,1.588,2.42,DraftKings,2025-02-26 05:13:23
NCAAB,2025-02-26 21:00:00,Arkansas Razorbacks,Texas Longhorns,1.588,2.43,Caesars,2025-02-26 05:13:23
NCAAB,2025-02-26 21:00:00,Arkansas Razorbacks,Texas Longhorns,1.541,2.5,BetMGM,2025-02-26 05:13:23
NCAAB,2025-02-26 21:00:00,Stanford Cardinal,Boston College Eagles,1.187,5.0,DraftKings,2025-02-26 05:13:23
NCAAB,2025-02-26 21:00:00,Stanford Cardinal,Boston College Eagles,1.164,5.4,FanDuel,2025-02-26 05:13:23
NCAAB,2025-02-26 21:00:00,Stanford Cardinal,Boston College Eagles,1.16,5.4,BetRivers,2025-02-26 05:13:23
NCAAB,2025-02-26 21:00:00,Stanford Cardinal,Boston College Eagles,1.182,5.0,Caesars,2025-02-26 05:13:23
NCAAB,2025-02-26 21:00:00,Stanford Cardinal,Boston College Eagles,1.182,5.0,BetMGM,2025-02-26 05:13:23
NCAAB,2025-02-26 21:00:00,Valparaiso Beacons,Bradley Braves,2.8,1.455,FanDuel,2025-02-26 05:13:23
NCAAB,2025-02-26 21:00:00,Valparaiso Beacons,Bradley Braves,2.85,1.444,Caesars,2025-02-26 05:13:23
NCAAB,2025-02-26 21:00:00,Valparaiso Beacons,Bradley Braves,2.85,1.444,DraftKings,2025-02-26 05:13:23
NCAAB,2025-02-26 21:00:00,Valparaiso Beacons,Bradley Braves,2.8,1.455,BetMGM,2025-02-26 05:13:23
NCAAB,2025-02-26 21:00:00,Butler Bulldogs,St. John's Red Storm,3.6,1.303,FanDuel,2025-02-26 05:13:23
NCAAB,2025-02-26 21:00:00,Butler Bulldogs,St. John's Red Storm,3.8,1.282,DraftKings,2025-02-26 05:13:23
NCAAB,2025-02-26 21:00:00,Butler Bulldogs,St. John's Red Storm,3.45,1.317,BetRivers,2025-02-26 05:13:23
NCAAB,2025-02-26 21:00:00,Butler Bulldogs,St. John's Red Storm,4.0,1.26,Caesars,2025-02-26 05:13:23
NCAAB,2025-02-26 21:00:00,Butler Bulldogs,St. John's Red Storm,3.6,1.308,BetMGM,2025-02-26 05:13:23
NCAAB,2025-02-26 21:00:00,Creighton Bluejays,DePaul Blue Demons,1.061,10.5,DraftKings,2025-02-26 05:13:23
NCAAB,2025-02-26 21:00:00,Creighton Bluejays,DePaul Blue Demons,1.04,11.6,FanDuel,2025-02-26 05:13:23
NCAAB,2025-02-26 21:00:00,Creighton Bluejays,DePaul Blue Demons,1.04,12.0,BetRivers,2025-02-26 05:13:23
NCAAB,2025-02-26 21:00:00,Creighton Bluejays,DePaul Blue Demons,1.059,10.5,Caesars,2025-02-26 05:13:23
NCAAB,2025-02-26 21:00:00,Creighton Bluejays,DePaul Blue Demons,1.05,10.5,BetMGM,2025-02-26 05:13:23
NCAAB,2025-02-26 21:00:00,Oklahoma Sooners,Kentucky Wildcats,2.2,1.704,DraftKings,2025-02-26 05:13:23
NCAAB,2025-02-26 21:00:00,Oklahoma Sooners,Kentucky Wildcats,2.26,1.658,FanDuel,2025-02-26 05:13:23
NCAAB,2025-02-26 21:00:00,Oklahoma Sooners,Kentucky Wildcats,2.08,1.758,BetRivers,2025-02-26 05:13:23
NCAAB,2025-02-26 21:00:00,Oklahoma Sooners,Kentucky Wildcats,2.22,1.69,Caesars,2025-02-26 05:13:23
NCAAB,2025-02-26 21:00:00,Oklahoma Sooners,Kentucky Wildcats,2.18,1.69,BetMGM,2025-02-26 05:13:23
NCAAB,2025-02-26 21:00:00,Wake Forest Demon Deacons,Virginia Cavaliers,1.286,3.75,FanDuel,2025-02-26 05:13:23
NCAAB,2025-02-26 21:00:00,Wake Forest Demon Deacons,Virginia Cavaliers,1.253,4.1,DraftKings,2025-02-26 05:13:23
NCAAB,2025-02-26 21:00:00,Wake Forest Demon Deacons,Virginia Cavaliers,1.238,4.2,BetRivers,2025-02-26 05:13:23
NCAAB,2025-02-26 21:00:00,Wake Forest Demon Deacons,Virginia Cavaliers,1.25,4.1,Caesars,2025-02-26 05:13:23
NCAAB,2025-02-26 21:00:00,Wake Forest Demon Deacons,Virginia Cavaliers,1.286,3.8,BetMGM,2025-02-26 05:13:23
NCAAB,2025-02-26 21:30:00,Arizona St Sun Devils,BYU Cougars,2.62,1.515,FanDuel,2025-02-26 05:13:23
NCAAB,2025-02-26 21:30:00,Arizona St Sun Devils,BYU Cougars,2.5,1.556,DraftKings,2025-02-26 05:13:23
NCAAB,2025-02-26 21:30:00,Arizona St Sun Devils,BYU Cougars,2.63,1.5,BetRivers,2025-02-26 05:13:23
NCAAB,2025-02-26 21:30:00,Arizona St Sun Devils,BYU Cougars,2.52,1.556,Caesars,2025-02-26 05:13:23
NCAAB,2025-02-26 21:30:00,Arizona St Sun Devils,BYU Cougars,2.5,1.541,BetMGM,2025-02-26 05:13:23
NCAAB,2025-02-26 22:30:00,Boise State Broncos,Utah State Aggies,1.581,2.42,FanDuel,2025-02-26 05:13:23
NCAAB,2025-02-26 22:30:00,Boise State Broncos,Utah State Aggies,1.588,2.42,DraftKings,2025-02-26 05:13:23
NCAAB,2025-02-26 22:30:00,Boise State Broncos,Utah State Aggies,1.588,2.43,Caesars,2025-02-26 05:13:23
NCAAB,2025-02-26 22:30:00,Boise State Broncos,Utah State Aggies,1.588,2.4,BetMGM,2025-02-26 05:13:23
NCAAB,2025-02-26 22:30:00,USC Trojans,Ohio State Buckeyes,1.901,1.909,FanDuel,2025-02-26 05:13:23
NCAAB,2025-02-26 22:30:00,USC Trojans,Ohio State Buckeyes,1.833,2.0,DraftKings,2025-02-26 05:13:23
NCAAB,2025-02-26 22:30:00,USC Trojans,Ohio State Buckeyes,1.826,2.0,BetRivers,2025-02-26 05:13:23
NCAAB,2025-02-26 22:30:00,USC Trojans,Ohio State Buckeyes,1.833,2.0,Caesars,2025-02-26 05:13:23
NCAAB,2025-02-26 22:30:00,USC Trojans,Ohio State Buckeyes,1.847,1.98,BetMGM,2025-02-26 05:13:23
NCAAB,2025-02-26 23:00:00,California Golden Bears,SMU Mustangs,2.26,1.658,FanDuel,2025-02-26 05:13:23
NCAAB,2025-02-26 23:00:00,California Golden Bears,SMU Mustangs,2.14,1.741,DraftKings,2025-02-26 05:13:23
NCAAB,2025-02-26 23:00:00,California Golden Bears,SMU Mustangs,2.16,1.709,BetRivers,2025-02-26 05:13:23
NCAAB,2025-02-26 23:00:00,California Golden Bears,SMU Mustangs,2.15,1.741,Caesars,2025-02-26 05:13:23
NCAAB,2025-02-26 23:00:00,California Golden Bears,SMU Mustangs,2.25,1.667,BetMGM,2025-02-26 05:13:23
NCAAB,2025-02-26 23:00:00,Oregon St Beavers,San Francisco Dons,1.725,2.16,FanDuel,2025-02-26 05:13:23
NCAAB,2025-02-26 23:00:00,Oregon St Beavers,San Francisco Dons,1.676,2.24,DraftKings,2025-02-26 05:13:23
NCAAB,2025-02-26 23:00:00,Oregon St Beavers,San Francisco Dons,1.69,2.22,Caesars,2025-02-26 05:13:23
NCAAB,2025-02-26 23:00:00,Oregon St Beavers,San Francisco Dons,1.667,2.25,BetMGM,2025-02-26 05:13:23
NHL,2025-02-26 19:00:00,Ottawa Senators,Winnipeg Jets,2.14,1.73,BetRivers,2025-02-26 05:13:23
NHL,2025-02-26 19:00:00,Ottawa Senators,Winnipeg Jets,2.14,1.741,DraftKings,2025-02-26 05:13:23
NHL,2025-02-26 19:00:00,Ottawa Senators,Winnipeg Jets,2.08,1.769,FanDuel,2025-02-26 05:13:23
NHL,2025-02-26 19:00:00,Ottawa Senators,Winnipeg Jets,2.15,1.741,Caesars,2025-02-26 05:13:23
NHL,2025-02-26 19:00:00,Ottawa Senators,Winnipeg Jets,2.1,1.769,Fanatics,2025-02-26 05:13:23
NHL,2025-02-26 19:00:00,Ottawa Senators,Winnipeg Jets,2.15,1.741,BetMGM,2025-02-26 05:13:23
NHL,2025-02-26 19:00:00,Ottawa Senators,Winnipeg Jets,2.1,1.769,Bovada,2025-02-26 05:13:23
NHL,2025-02-26 19:00:00,Ottawa Senators,Winnipeg Jets,2.12,1.794,LowVig.ag,2025-02-26 05:13:23
NHL,2025-02-26 19:00:00,Ottawa Senators,Winnipeg Jets,2.12,1.794,BetOnline.ag,2025-02-26 05:13:23
NHL,2025-02-26 21:30:00,Colorado Avalanche,New Jersey Devils,1.746,2.1,BetRivers,2025-02-26 05:13:23
NHL,2025-02-26 21:30:00,Colorado Avalanche,New Jersey Devils,1.769,2.1,DraftKings,2025-02-26 05:13:23
NHL,2025-02-26 21:30:00,Colorado Avalanche,New Jersey Devils,1.73,2.14,FanDuel,2025-02-26 05:13:23
NHL,2025-02-26 21:30:00,Colorado Avalanche,New Jersey Devils,1.781,2.14,BetOnline.ag,2025-02-26 05:13:23
NHL,2025-02-26 21:30:00,Colorado Avalanche,New Jersey Devils,1.781,2.14,LowVig.ag,2025-02-26 05:13:23
NHL,2025-02-26 21:30:00,Colorado Avalanche,New Jersey Devils,1.8,2.05,Caesars,2025-02-26 05:13:23
NHL,2025-02-26 21:30:00,Colorado Avalanche,New Jersey Devils,1.781,2.08,BetUS,2025-02-26 05:13:23
NHL,2025-02-26 21:30:00,Colorado Avalanche,New Jersey Devils,1.8,2.05,BetMGM,2025-02-26 05:13:23
NHL,2025-02-26 21:30:00,Colorado Avalanche,New Jersey Devils,1.752,2.12,Bovada,2025-02-26 05:13:23
NHL,2025-02-26 21:30:00,Colorado Avalanche,New Jersey Devils,1.8,2.05,Fanatics,2025-02-26 05:13:23
NHL,2025-02-26 22:00:00,Los Angeles Kings,Vancouver Canucks,1.599,2.38,BetRivers,2025-02-26 05:13:23
NHL,2025-02-26 22:00:00,Los Angeles Kings,Vancouver Canucks,1.571,2.45,DraftKings,2025-02-26 05:13:23
NHL,2025-02-26 22:00:00,Los Angeles Kings,Vancouver Canucks,1.602,2.38,FanDuel,2025-02-26 05:13:23
NHL,2025-02-26 22:00:00,Los Angeles Kings,Vancouver Canucks,1.571,2.48,Caesars,2025-02-26 05:13:23
NHL,2025-02-26 22:00:00,Los Angeles Kings,Vancouver Canucks,1.571,2.45,BetMGM,2025-02-26 05:13:23
NHL,2025-02-26 22:00:00,Los Angeles Kings,Vancouver Canucks,1.571,2.45,Fanatics,2025-02-26 05:13:23
NHL,2025-02-26 22:00:00,Los Angeles Kings,Vancouver Canucks,1.565,2.53,Bovada,2025-02-26 05:13:23
NHL,2025-02-26 22:00:00,Los Angeles Kings,Vancouver Canucks,1.578,2.54,BetOnline.ag,2025-02-26 05:13:23
NHL,2025-02-26 22:00:00,Los Angeles Kings,Vancouver Canucks,1.578,2.54,LowVig.ag,2025-02-26 05:13:23
